50
10962
17820
822 264 1
7 828 0
416 914 0
860 603 1
466 428 1
289 826 0
186 773 0
620 772 0
887 477 1
707 218 1
183 412 0
971 819 1
603 524 1
426 868 0
823 221 1
524 693 0
510 525 1
138 328 0
955 273 1
714 30 1
650 869 0
399 504 1
476 132 1
48 95 1
385 885 0
463 856 0
160 738 0
480 496 1
26 94 0
641 719 1
5 394 0
680 604 1
604 644 0
167 853 0
60 396 0
429 169 1
569 820 0
631 37 1
135 532 0
596 399 1
292 935 0
670 266 1
698 774 1
675 22 1
939 783 1
403 803 0
581 562 1
85 178 0
645 263 1
914 744 1