100
995
9147
94 485	0
506	326	0
416	248	0
992	421	0
649	322	0
237	795	0
457	43 1
815	845	0
446	955	0
422	252	0
791	9 1
359	901	0
667	122	0
598	94 1
7 738 0
544	574	0
334	715	0
766	882	0
994	367	0
893	984	0
633	299	0
131	433	0
428	682	0
700	72 1
617	874	0
874	138	1
720	856	0
419	145	0
794	995	0
196	529	0
997	199	1
116	277	0
908	97 1
539	719	0
707	242	0
569	107	0
537	122	0
931	70 1
726	98 1
487	600	0
772	645	0
513	267	0
81 972	0
943	895	0
58 213	0
303	748	0
764	487	0
536	923	0
724	29 1
789	674	0
479	540	0
142	554	0
339	467	0
641	46 1
196	710	0
494	553	0
66 191 0
824	724	0
208	730	0
711	988	0
800	90 1
314	340	0
289	549	0
401	196	0
466	865	0
689	678	0
833	570	0
225	936	0
244	722	0
849	651	0
113	123	0
379	431	0
361	508	0
65 585 0
486	853	0
686	642	0
286	992	0
889	725	0
24 286	0
491	812	0
891	859	0
90 663	0
181	88 0
214	179	0
17 187 0
472	619	0
418	261	0
419	846	0
356	192	0
682	261	0
306	514	0
201	886	0
385	530	0
952	849	0
500	294	0
194	799	0
737	391	0
324	330	0
992	298	0
224	790	0