500
25014
92722
710 416 0
727 724 0
808 906 0
212 811 0
218 428 0
281 930 0
434 925 0
572 300 1
343 581 0
867 970 0
383 700 0
91 851 0
891 532 0
138 148 0
431 493 0
116 909 0
518 149 1
514 512 0
971 41 1
898 902 0
106 893 0
903 776 0
548 340 0
632 343 1
801 949 0
383 736 0
832 322 1
272 208 0
602 326 0
537 551 0
165 338 0
832 220 1
348 380 0
111 453 0
308 4 1
925 721 0
377 652 0
887 709 0
239 364 0
716 727 0
244 607 0
406 386 0
954 798 0
307 782 0
147 471 0
899 139 1
445 858 0
829 586 0
133 239 0
450 624 0
695 647 0
603 384 0
995 517 1
685 572 0
468 137 1
122 512 0
539 953 0
988 595 0
192 116 0
939 994 0
536 213 1
78 763 0
234 984 0
814 507 0
603 348 0
925 252 1
985 917 0
630 727 0
821 356 1
646 330 1
361 862 0
455 894 0
689 798 0
806 551 0
127 496 0
938 225 1
734 243 1
389 219 0
696 649 0
528 331 0
347 566 0
758 494 0
646 739 0
338 658 0
409 238 0
701 146 1
434 112 1
23 700 0
916 786 0
735 595 0
66 357 0
462 13 1
386 85 1
77 1000 0
748 8 1
631 533 0
313 225 0
960 33 1
929 236 1
389 836 0
477 685 0
598 848 0
387 122 1
558 32 1
631 425 0
91 114 0
598 207 1
969 739 0
118 503 0
825 229 1
82 851 0
374 295 0
290 313 0
640 609 0
390 269 0
169 931 0
683 871 0
261 377 0
886 609 0
983 109 1
230 352 0
215 577 0
942 36 1
263 327 0
320 53 1
957 719 0
277 268 0
442 956 0
480 379 0
857 131 1
51 370 0
75 921 0
136 159 0
527 560 0
802 745 0
40 262 0
429 857 0
998 115 1
207 142 0
286 244 0
770 11 1
925 97 1
442 695 0
464 119 1
224 441 0
223 954 0
201 158 0
719 203 1
329 993 0
303 986 0
833 301 1
67 433 0
600 170 1
828 428 1
557 826 0
376 584 0
986 390 1
949 55 1
516 498 0
169 637 0
55 89 0
702 859 0
334 358 0
17 982 0
569 81 1
921 610 0
943 195 1
940 624 0
410 886 0
237 465 0
227 939 0
994 158 1
954 33 1
130 78 0
767 807 0
916 891 0
431 766 0
914 841 0
646 94 1
333 108 1
955 979 0
98 533 0
137 604 0
577 640 0
817 505 0
614 253 1
805 166 1
152 897 0
104 800 0
415 881 0
825 202 1
572 595 0
686 836 0
360 488 0
956 321 1
670 970 0
317 564 0
844 734 0
795 87 1
420 245 0
64 711 0
618 101 1
896 223 1
822 271 1
958 535 0
913 797 0
491 648 0
820 666 0
238 471 0
835 933 0
333 372 0
329 364 0
521 959 0
285 625 0
536 782 0
963 307 1
163 868 0
421 988 0
272 153 1
183 242 0
266 66 1
371 997 0
804 269 1
1 500 0
205 980 0
544 36 1
4 155 0
738 173 1
397 55 1
721 99 1
756 37 1
655 254 1
310 557 0
132 526 0
944 529 0
961 656 0
167 229 0
577 773 0
222 197 0
87 309 0
557 829 0
105 199 0
566 57 1
804 387 1
492 26 1
410 855 0
452 242 1
575 274 1
669 676 0
506 392 0
668 283 1
542 403 0
648 501 0
927 714 0
653 35 1
65 689 0
564 760 0
316 12 1
479 563 0
613 865 0
329 891 0
30 817 0
380 479 0
758 715 0
333 775 0
547 678 0
834 386 1
947 128 1
819 541 0
97 879 0
614 508 0
813 779 0
908 480 1
341 111 1
914 109 1
63 34 1
266 23 1
425 534 0
543 873 0
231 396 0
816 873 0
579 194 1
371 571 0
171 363 0
635 176 1
700 817 0
980 75 1
853 601 0
371 617 0
638 739 0
779 466 0
727 564 0
786 1000 0
565 962 0
498 627 0
903 363 1
267 286 0
319 514 0
813 250 1
675 680 0
92 172 0
635 987 0
876 974 0
422 149 1
724 31 1
173 420 0
151 311 0
481 385 0
749 868 0
104 343 0
984 994 0
962 786 0
970 410 1
122 850 0
148 122 0
656 610 0
409 437 0
779 377 1
634 390 0
67 909 0
946 958 0
749 271 1
289 616 0
464 158 1
671 221 1
301 955 0
134 530 0
19 423 0
505 802 0
416 893 0
43 576 0
812 655 0
144 901 0
366 416 0
761 250 1
498 123 1
843 51 1
867 479 0
950 928 0
170 496 0
67 865 0
320 706 0
543 686 0
992 980 0
557 104 1
421 567 0
519 832 0
787 466 0
996 249 1
306 539 0
629 780 0
77 132 0
330 600 0
889 832 0
986 476 1
689 345 1
831 891 0
478 359 0
976 451 1
91 814 0
320 850 0
702 741 0
171 581 0
219 766 0
377 262 0
355 943 0
355 153 1
401 820 0
347 603 0
661 951 0
592 808 0
18 470 0
558 272 1
986 502 1
340 156 1
665 353 1
23 235 0
6 186 0
956 20 1
750 857 0
435 415 0
811 455 0
863 500 0
282 239 0
866 767 0
802 975 0
845 311 1
536 218 1
964 690 0
56 788 0
240 447 0
318 145 1
287 471 0
234 106 1
174 672 0
305 797 0
246 984 0
616 424 0
140 2 1
276 473 0
226 64 1
325 253 0
180 510 0
529 739 0
309 366 0
204 620 0
392 302 0
5 930 0
834 522 0
100 82 0
420 959 0
976 119 1
998 573 0
429 245 1
567 351 0
634 438 0
329 707 0
281 836 0
922 592 0
359 540 0
557 345 0
859 227 1
726 333 1
707 448 0
325 64 1
170 341 0
866 202 1
927 684 0
47 682 0
166 386 0
955 343 1
137 34 1
98 482 0
914 737 0
586 235 1
983 849 0
728 846 0
280 956 0
305 842 0
652 103 1
261 366 0
639 576 0
381 792 0
449 950 0
725 643 0
408 812 0
789 733 0
125 361 0
449 163 1
548 415 0
696 969 0
989 909 0
210 305 0
559 67 1
915 622 0
948 882 0
764 911 0
544 902 0
217 19 1
147 802 0
908 821 0
910 70 1
288 925 0
466 750 0
586 568 0
444 954 0
82 478 0
452 22 1
504 70 1
453 269 0
536 56 1
63 671 0
848 182 1
904 604 0
889 424 1
977 379 1
984 659 0
396 332 0
377 389 0
484 215 1
745 759 0
629 7 1
570 383 0
26 446 0
516 673 0
349 5 1
734 778 0
176 816 0
147 841 0
403 837 0
977 931 0
783 871 0
398 345 0
511 547 0
11 735 0
710 598 0
618 475 0
939 425 1
516 840 0
841 418 1
