500
2543
28857
94 485 0
506 326 0
416 248 0
992 421 0
649 322 0
237 795 0
457 43 1
815 845 0
446 955 0
422 252 0
791 9 1
359 901 0
667 122 1
598 94 1
7 738 0
544 574 0
334 715 0
766 882 0
994 367 0
893 984 0
633 299 0
131 433 0
428 682 0
700 72 1
617 874 0
874 138 1
720 856 0
419 145 0
794 995 0
196 529 0
997 199 0
116 277 0
908 97 1
539 719 0
707 242 0
569 107 0
537 122 0
931 70 1
726 98 1
487 600 0
772 645 0
513 267 0
81 972 0
943 895 0
58 213 0
303 748 0
764 487 0
536 923 0
724 29 1
789 674 0
479 540 0
142 554 0
339 467 0
641 46 1
196 710 0
494 553 0
66 191 0
824 724 0
208 730 0
711 988 0
800 90 1
314 340 0
289 549 0
401 196 0
466 865 0
689 678 0
833 570 0
225 936 0
244 722 0
849 651 0
113 123 0
379 431 0
361 508 0
65 585 0
486 853 0
686 642 0
286 992 0
889 725 0
24 286 0
491 812 0
891 859 0
90 663 0
181 88 0
214 179 0
17 187 0
472 619 0
418 261 0
419 846 0
356 192 0
682 261 0
306 514 0
201 886 0
385 530 0
952 849 0
500 294 0
194 799 0
737 391 0
324 330 0
992 298 0
224 790 0
260 275 0
97 826 0
210 72 0
649 866 0
919 951 0
63 748 0
958 685 0
804 956 0
518 564 0
428 183 0
537 400 0
346 721 0
153 207 0
971 323 0
662 611 0
197 116 0
91 109 0
529 795 0
126 343 0
747 862 0
469 685 0
770 10 1
934 881 0
723 984 0
895 403 0
568 360 0
172 449 0
958 541 0
383 272 0
308 877 0
970 359 0
583 707 0
48 308 0
930 770 0
569 30 1
3 208 0
20 311 0
609 100 1
887 939 0
825 422 0
930 785 0
904 370 0
241 989 0
379 969 0
376 143 0
962 972 0
889 28 1
443 61 1
216 638 0
338 348 0
160 347 0
406 66 1
159 391 0
31 638 0
204 295 0
420 826 0
153 196 0
425 449 0
331 855 0
565 143 0
838 487 0
9 140 0
918 564 0
533 615 0
232 135 0
957 564 0
591 360 0
576 793 0
746 163 0
377 859 0
858 760 0
86 711 0
434 662 0
558 159 0
279 660 0
840 268 0
735 948 0
574 315 0
126 676 0
912 341 0
739 689 0
821 894 0
625 706 0
917 490 0
201 478 0
993 671 0
149 932 0
52 899 0
759 237 0
267 187 0
256 472 0
783 772 0
117 98 0
516 906 0
180 911 0
25 635 0
380 225 0
712 823 0
266 164 0
216 343 0
448 732 0
541 502 0
664 740 0
954 576 0
726 612 0
772 902 0
531 454 0
943 411 0
750 973 0
327 703 0
917 850 0
5 77 0
113 220 0
913 802 0
791 403 0
998 181 1
859 10 1
345 525 0
431 919 0
675 668 0
833 527 0
438 462 0
523 291 0
916 605 0
420 457 0
115 405 0
660 417 0
261 279 0
772 685 0
388 596 0
764 307 0
843 224 0
206 322 0
407 840 0
639 975 0
852 401 0
542 91 0
60 327 0
757 330 0
82 182 0
637 603 0
93 793 0
614 615 0
136 733 0
187 864 0
102 16 0
972 863 0
163 987 0
501 306 0
477 34 1
492 840 0
121 700 0
80 706 0
138 787 0
660 105 1
229 834 0
827 798 0
448 310 0
230 609 0
832 690 0
489 561 0
586 579 0
291 60 0
665 388 0
660 309 0
702 407 0
153 200 0
606 313 0
123 970 0
253 33 1
709 273 0
832 277 0
108 997 0
888 40 1
481 227 0
283 860 0
858 940 0
284 608 0
711 990 0
850 590 0
239 806 0
943 52 1
195 801 0
95 764 0
410 710 0
664 386 0
900 593 0
112 50 0
963 494 0
754 156 0
458 936 0
19 965 0
225 86 0
569 723 0
97 184 0
194 868 0
754 340 0
602 412 0
61 487 0
695 209 0
347 346 0
719 860 0
100 307 0
97 95 0
843 821 0
745 941 0
286 821 0
492 587 0
116 201 0
531 665 0
424 527 0
253 812 0
426 424 0
413 459 0
980 343 0
291 836 0
833 506 0
486 179 0
9 916 0
575 430 0
922 596 0
145 808 0
897 269 0
404 512 0
742 811 0
728 685 0
269 567 0
103 776 0
745 855 0
35 718 0
779 853 0
71 97 0
80 146 0
842 746 0
128 15 1
941 965 0
227 512 0
30 480 0
342 958 0
605 665 0
531 191 0
364 964 0
359 515 0
867 606 0
820 822 0
313 536 0
207 693 0
911 19 1
308 335 0
430 101 0
685 922 0
641 294 0
113 910 0
141 410 0
690 250 0
700 546 0
559 729 0
481 609 0
503 720 0
766 976 0
7 759 0
882 798 0
859 74 1
182 648 0
425 299 0
542 785 0
683 846 0
853 390 0
938 897 0
89 416 0
624 837 0
181 247 0
878 293 0
933 144 1
580 938 0
252 467 0
207 480 0
658 955 0
20 665 0
954 26 1
347 564 0
759 449 0
446 26 1
14 521 0
657 301 0
710 321 0
980 613 0
188 388 0
636 879 0
203 990 0
432 188 0
129 963 0
630 820 0
509 300 0
237 822 0
373 255 0
838 277 0
395 153 0
692 400 0
103 227 0
218 518 0
384 447 0
931 315 0
396 813 0
389 324 0
640 502 0
287 299 0
297 780 0
977 376 0
512 516 0
219 212 0
555 329 0
398 810 0
289 486 0
798 485 0
598 416 0
49 952 0
572 894 0
697 358 0
770 21 1
725 647 0
542 44 1
214 683 0
887 361 0
45 814 0
94 231 0
282 8 1
82 165 0
319 496 0
626 699 0
146 852 0
541 459 0
874 535 0
725 314 0
777 944 0
554 306 0
208 459 0
787 637 0
976 447 0
912 408 0
444 107 0
3 962 0
301 565 0
164 407 0
437 857 0
652 317 0
764 98 1
41 818 0
737 600 0
176 288 0
136 902 0
128 567 0
394 190 0
235 749 0
42 908 0
824 276 0
684 748 0
979 592 0
568 393 0
367 363 0
52 163 0
642 983 0
335 179 0
126 16 1
130 478 0
583 259 0
129 868 0
752 295 0
167 596 0
856 71 1
640 622 0
770 864 0
431 644 0
195 5 1
448 365 0
701 429 0
952 64 1
880 854 0
168 770 0
79 88 0
961 157 1
472 368 0
217 421 0
709 719 0
147 271 0
296 975 0
909 816 0
764 962 0
251 535 0
878 438 0
753 696 0
570 881 0
253 318 0
666 45 1
931 52 1
433 496 0
810 313 0
678 138 0
123 334 0
212 988 0
