100
25162
43681
291 617 0
892 997 1
517 627 1
537 788 0
495 141 1
38 459 0
127 766 0
473 989 0
484 918 0
664 755 1
580 101 1
688 404 1
976 157 1
759 445 1
60 798 0
905 254 1
923 22 1
303 473 0
472 930 0
79 423 0
607 902 0
348 257 1
721 765 1
693 272 1
94 902 0
812 449 1
789 67 1
133 697 0
375 239 1
750 32 1
970 731 1
725 717 1
361 421 1
548 838 0
721 309 1
2 434 0
614 325 1
492 158 1
908 213 1
393 984 0
961 56 1
139 19 1
655 711 1
224 295 0
344 208 1
72 844 0
10 451 0
194 91 1
570 752 1
471 337 1
804 632 1
672 593 1
688 302 1
34 653 0
73 954 0
247 145 1
744 370 1
897 324 1
749 61 1
48 827 0
917 470 1
979 284 1
383 969 0
35 684 0
888 309 1
10 285 0
814 614 1
715 496 1
882 533 1
715 163 1
638 703 1
108 15 1
926 999 1
651 784 1
764 241 1
407 690 0
771 924 1
466 212 1
365 754 0
637 164 1
144 727 0
915 271 1
499 812 0
135 323 0
574 727 1
82 171 0
455 297 1
276 589 0
377 499 1
388 428 1
47 622 0
659 246 1
839 814 1
738 233 1
729 9 1
532 430 1
158 922 0
949 626 1
262 325 0
842 109 1
