100
11084
25048
179 769 0
612 893 0
909 971 0
889 996 0
247 141 1
30 563 0
375 918 0
425 517 0
292 670 0
824 507 1
780 37 1
160 84 1
264 813 0
471 373 0
20 70 0
497 470 0
931 998 0
327 657 0
488 698 0
911 295 1
63 926 0
852 529 1
441 973 0
277 872 0
862 966 0
84 681 0
813 3 1
925 761 0
599 823 0
646 512 1
130 323 0
877 333 1
457 157 1
140 438 0
617 917 0
498 986 0
422 157 1
396 830 0
12 45 0
513 312 1
913 728 1
227 139 1
911 735 1
856 703 0
200 896 0
920 828 0
226 747 0
938 499 1
58 728 0
359 217 1
668 72 1
160 313 0
712 390 1
866 221 1
777 82 1
479 153 1
848 786 0
617 124 1
829 893 0
240 419 0
669 454 1
483 932 0
759 753 0
371 572 0
520 493 0
626 341 1
566 806 0
779 344 1
906 989 0
531 979 0
814 847 0
756 951 0
838 135 1
987 88 1
388 825 0
727 722 0
547 764 0
970 540 1
365 562 0
293 868 0
416 927 0
507 783 0
835 252 1
503 379 1
950 679 1
282 443 0
983 985 0
316 349 0
553 171 1
380 796 0
767 182 1
523 446 0
687 382 1
170 521 0
121 129 1
260 878 0
606 786 0
229 258 0
62 437 0
794 573 1
