500
9869
61333
299 345 0
796 693 0
429 467 0
65 100 0
623 141 1
702 291 0
999 670 0
401 781 0
196 46 1
904 59 1
204 357 0
720 100 1
408 493 0
327 661 0
148 206 0
617 254 0
611 310 0
15 425 0
320 258 0
679 407 0
791 614 0
604 313 0
801 901 0
893 496 0
246 350 0
44 121 0
973 795 0
821 617 0
63 439 0
94 104 0
386 795 0
805 141 1
505 525 0
612 414 0
241 45 1
570 762 0
150 749 0
700 518 0
564 637 0
897 976 0
713 416 0
595 523 0
39 247 0
848 759 0
304 416 0
168 644 0
658 395 0
634 379 0
978 216 1
127 657 0
100 792 0
80 497 0
224 934 0
106 5 1
953 970 0
919 657 0
224 994 0
329 348 0
869 309 0
336 539 0
45 798 0
235 932 0
271 145 0
539 868 0
512 909 0
434 869 0
766 902 0
811 768 0
770 717 0
115 211 0
78 919 0
404 919 0
470 703 0
979 240 1
700 617 0
887 386 0
435 860 0
722 556 0
13 290 0
621 220 1
376 527 0
979 39 1
3 972 0
687 555 0
814 655 0
882 579 0
423 329 0
188 581 0
993 507 0
700 156 1
127 462 0
955 46 1
287 166 0
562 665 0
465 865 0
772 926 0
478 218 0
869 898 0
638 493 0
946 805 0
882 862 0
715 617 0
936 755 0
403 137 0
156 226 0
72 203 0
955 976 0
742 100 1
619 328 0
462 198 0
503 884 0
923 696 0
199 242 0
645 634 0
787 262 1
70 820 0
72 912 0
322 106 1
811 98 1
60 62 0
939 25 1
684 82 1
603 933 0
668 648 0
253 854 0
698 480 0
874 173 1
551 797 0
965 876 0
374 60 1
664 147 1
296 778 0
861 376 0
12 817 0
431 170 0
565 991 0
922 826 0
955 556 0
660 223 1
979 29 1
327 76 1
362 162 0
543 8 1
173 568 0
325 674 0
716 299 0
326 503 0
652 324 0
38 306 0
444 795 0
934 782 0
960 738 0
973 651 0
729 117 1
754 139 1
837 961 0
647 927 0
482 768 0
825 403 0
982 758 0
244 570 0
907 596 0
723 63 1
694 71 1
894 234 1
278 795 0
708 756 0
697 521 0
535 287 0
330 610 0
864 36 1
271 743 0
823 218 1
415 15 1
108 592 0
81 44 0
300 103 1
119 274 0
83 599 0
170 381 0
144 236 0
247 990 0
462 221 0
254 873 0
974 938 0
867 414 0
250 559 0
85 898 0
541 641 0
532 418 0
662 715 0
713 948 0
523 245 0
797 1 1
537 930 0
691 963 0
810 221 1
305 127 0
560 256 0
617 742 0
221 392 0
351 702 0
525 784 0
27 592 0
803 920 0
702 750 0
616 401 0
569 595 0
363 472 0
496 446 0
506 357 0
446 389 0
582 800 0
154 842 0
589 863 0
104 988 0
960 629 0
586 13 1
45 330 0
628 643 0
879 923 0
416 190 0
617 950 0
278 453 0
898 965 0
925 165 1
441 212 0
87 126 0
98 808 0
950 764 0
545 118 1
564 783 0
691 302 0
649 735 0
741 42 1
654 153 1
300 686 0
782 142 1
11 70 0
84 558 0
394 462 0
430 712 0
499 762 0
25 500 0
289 467 0
87 80 0
249 539 0
516 867 0
458 429 0
487 721 0
217 988 0
811 484 0
485 638 0
500 763 0
874 748 0
174 786 0
289 785 0
169 877 0
980 476 0
426 866 0
102 4 1
67 658 0
321 200 0
363 948 0
218 248 0
984 47 1
47 27 0
720 801 0
904 494 0
534 432 0
227 253 0
610 12 1
825 825 0
706 64 1
175 638 0
660 251 0
543 400 0
782 799 0
204 618 0
428 309 0
981 162 1
272 315 0
920 940 0
904 964 0
152 297 0
9 530 0
377 636 0
26 450 0
864 202 1
715 684 0
448 563 0
588 381 0
79 57 0
234 371 0
231 900 0
548 916 0
376 439 0
508 995 0
410 291 0
688 33 1
145 837 0
24 452 0
809 295 0
755 446 0
353 224 0
122 533 0
908 984 0
822 402 0
778 541 0
389 224 0
493 899 0
823 19 1
391 419 0
767 707 0
585 387 0
413 427 0
358 150 0
584 578 0
551 623 0
72 590 0
263 383 0
562 512 0
478 385 0
757 943 0
52 830 0
802 108 1
459 339 0
408 208 0
998 171 1
829 894 0
416 977 0
201 400 0
885 398 0
683 185 1
790 211 1
695 684 0
432 692 0
760 48 1
211 281 0
127 393 0
592 866 0
565 211 0
636 239 0
341 181 0
850 249 1
898 448 0
860 857 0
752 51 1
537 306 0
271 12 1
450 757 0
570 141 1
735 257 1
174 217 0
239 325 0
246 930 0
100 332 0
147 976 0
445 964 0
640 39 1
445 907 0
155 662 0
80 342 0
744 471 0
174 503 0
480 720 0
240 66 1
918 317 1
408 348 0
378 144 0
613 945 0
911 655 0
555 953 0
951 479 0
617 677 0
390 762 0
244 516 0
891 483 0
233 117 0
435 970 0
376 64 1
560 1000 0
252 949 0
103 192 0
943 456 0
407 872 0
602 512 0
637 115 1
745 915 0
605 21 1
917 608 0
859 258 1
732 920 0
535 451 0
99 889 0
350 886 0
523 81 1
685 577 0
273 483 0
161 642 0
887 33 1
914 814 0
465 47 1
774 4 1
930 455 0
377 109 1
205 183 0
650 731 0
479 875 0
257 587 0
737 128 1
813 376 0
499 614 0
786 974 0
172 656 0
511 423 0
926 988 0
926 541 0
223 985 0
732 645 0
2 330 0
432 772 0
483 566 0
376 841 0
570 897 0
119 718 0
359 307 0
148 437 0
228 891 0
923 595 0
416 16 1
622 435 0
399 851 0
239 338 0
479 708 0
148 722 0
597 39 1
285 77 1
518 11 1
825 72 1
266 311 0
332 833 0
210 73 0
142 471 0
650 668 0
805 149 1
890 878 0
618 882 0
974 4 1
65 448 0
773 258 1
866 798 0
999 346 1
676 404 0
784 479 0
649 595 0
377 704 0
285 911 0
550 484 0
176 411 0
121 598 0
947 679 0
85 310 0
671 359 0
183 625 0
537 491 0
231 287 0
201 655 0
829 87 1
290 686 0
173 865 0
84 584 0
237 823 0
981 205 1
478 601 0
558 196 0
197 812 0
169 13 1
238 310 0
97 248 0
222 592 0
74 464 0
551 840 0
31 79 0
153 738 0
314 102 1
851 587 0
469 481 0
432 754 0
720 238 1
494 324 0
524 328 0
419 994 0
732 212 1
192 64 1
643 863 0
79 916 0
648 18 1
705 601 0
638 347 0
