50
24400
25530
904 535 1
484 872 1
130 42 1
994 23 1
499 748 1
103 853 0
491 373 1
265 871 1
728 629 1
312 822 1
185 811 0
905 7 1
837 724 1
840 688 1
265 348 1
122 912 0
440 813 1
344 804 1
996 793 1
607 378 1
635 965 1
317 395 1
126 180 1
526 930 1
555 428 1
732 212 1
986 994 1
141 475 1
340 469 1
918 843 1
255 985 1
902 271 1
934 827 1
61 785 0
885 852 1
75 885 0
11 468 0
493 616 1
416 796 1
545 466 1
558 191 1
979 885 1
483 446 1
777 273 1
100 39 1
297 158 1
894 673 1
266 933 1
598 55 1
831 452 1